0 0 0 0
0.95937 0.27532 -0.061743 500
0.088874 0.17837 -0.97994 500
-0.069451 0.81798 0.57104 500
0.43831 -0.37007 -0.8191 500
-0.47469 0.79147 -0.38502 500
0.57283 0.71255 0.40513 500
0.10168 0.78174 -0.61526 500
-0.58925 0.78152 0.20494 500
-0.61927 -0.30907 0.72179 500
0.91109 -0.34674 0.22289 500
0.80794 0.17106 0.56389 500
0.6146 0.75466 -0.22969 500
-0.28607 -0.36622 -0.88546 500
-0.87398 0.24083 0.4221 500
-0.48193 0.3375 -0.8086 500
0.063834 0.9979 0.01107 500
0.96544 -0.23846 -0.10514 1000
0.14338 -0.816 0.55998 1000
-0.97886 -0.18551 -0.086178 1000
0.8072 -0.46539 0.3631 1000
0.52366 0.26428 0.8099 1000
0.016759 0.41019 0.91185 1000
0.59819 0.49438 -0.63068 1000
-0.1669 -0.5429 0.82305 1000
0.43604 0.8946 -0.097754 1000
0.79104 0.39118 0.47035 1000
0.73586 0.66278 0.1387 1000
0.36948 -0.22338 -0.90199 1000
0.23076 -0.36747 0.90095 1000
0.15602 0.030837 0.98727 1000
-0.75764 0.38604 0.52626 1000
0.017087 0.98273 -0.18424 1000
0.70721 0.001974 -0.707 1000
0.3508 -0.63364 -0.68952 1000
-0.068679 -0.74547 -0.66299 1000
0.278 0.90999 0.30762 1000
-0.19183 0.95133 0.2412 1000
0.92715 0.12266 -0.35404 1000
-0.49908 0.59657 -0.62851 1000
-0.33017 -0.80108 0.49926 1000
-0.46517 -0.64201 -0.60946 1000
-0.5472 0.75511 0.36108 1000
-0.80635 -0.53527 0.25155 1000
-0.47683 0.86564 -0.15262 1000
-0.32833 -0.17719 0.9278 1000
-0.90875 0.056728 -0.41346 1000
-0.65645 0.1178 -0.74512 1000
-0.79325 0.60797 0.033513 1000
-0.36401 0.72777 -0.58125 2000
-0.90008 0.053686 0.4324 2000
-0.73803 -0.48634 0.46774 2000
0.49356 -0.54144 -0.68062 2000
0.030678 -0.89471 0.4456 2000
-0.384 -0.20567 -0.90014 2000
-0.57825 -0.81584 0.005414 2000
-0.68322 0.62192 0.38266 2000
0.99767 -0.037697 -0.056832 2000
-0.10414 0.68054 0.72527 2000
-0.029643 -0.19825 -0.9797 2000
-0.56845 -0.48248 -0.66639 2000
0.11284 -0.99147 0.065165 2000
-0.33862 0.81399 0.47197 2000
0.67319 -0.73934 0.013528 2000
0.36097 -0.89217 0.27155 2000
0.091858 0.3867 -0.91762 2000
0.92507 0.345 0.1588 2000
0.018823 0.68702 -0.72639 2000
-0.89859 -0.13828 -0.41642 2000
0.50682 -0.13072 0.85208 2000
-0.81173 -0.58044 0.06465 2000
-0.69935 0.26848 0.66244 2000
0.26212 0.91522 -0.30606 2000
-0.73577 -0.57319 -0.3607 2000
0.69773 0.13481 0.70356 2000
0.59746 -0.45124 0.66289 2000
0.89026 -0.37037 -0.26508 2000
0.53552 0.74422 -0.3992 2000
0.7472 0.17851 -0.64018 2000
-0.9586 0.14572 -0.24464 2000
-0.93192 -0.27198 0.23992 2000
0.89081 -0.44779 0.077059 2000
-0.24971 0.51113 -0.82243 2000
-0.52629 0.055011 0.84853 2000
-0.26494 -0.76921 -0.58149 2000
-0.24679 -0.9677 -0.051414 2000
0.37834 -0.91665 -0.1289 2000
-0.18988 0.14856 -0.9705 2000
-0.20146 -0.52302 -0.82817 2000
-0.45768 -0.83489 -0.30574 2000
-0.012926 -0.93815 -0.346 2000
0.45485 0.2994 -0.83873 2000
-0.37817 -0.61599 0.69105 2000
0.69426 -0.62655 0.35418 2000
0.80068 -0.22645 0.55465 2000
-0.22671 0.39525 0.89016 2000
-0.20814 -0.018085 0.97793 2000
0.97741 -0.19838 0.072947 3000
0.68963 0.62877 -0.35924 3000
-0.16163 -0.29178 -0.94273 3000
0.52248 -0.67339 -0.52304 3000
-0.6463 0.2722 -0.71288 3000
-0.69996 -0.7108 0.069445 3000
0.30598 -0.94774 0.090361 3000
0.44105 0.85317 -0.27852 3000
0.15004 0.96581 0.21144 3000
0.20114 0.96976 -0.13821 3000
-0.40631 -0.78429 -0.46882 3000
0.79918 -0.46033 -0.38653 3000
-0.57551 -0.064515 -0.81525 3000
-0.10519 0.98881 0.10582 3000
0.58733 0.13177 -0.79855 3000
-0.15164 0.89806 0.41291 3000
0.23273 -0.74146 -0.62934 3000
0.36309 -0.2362 0.90132 3000
0.32962 0.040126 0.94326 3000
-0.69695 -0.31301 -0.64521 3000
-0.55963 0.21728 0.79975 3000
0.36659 -0.00987 -0.93033 3000
0.9846 0.11249 -0.1338 3000
0.16874 -0.24704 -0.9542 3000
0.44946 0.46074 -0.76531 3000
-0.18053 0.70342 -0.68747 3000
-0.25377 -0.33093 0.90889 3000
0.023762 -0.00039 -0.99972 3000
-0.79577 0.14463 0.58808 3000
0.89671 -0.43208 -0.096006 3000
-0.43674 -0.42858 -0.79093 3000
0.21151 0.68024 -0.70182 3000
0.065521 -0.2782 0.95829 3000
0.72613 -0.65917 -0.19552 3000
-0.4062 0.8634 0.29924 3000
-0.7187 -0.36237 0.59343 3000
0.85197 0.11359 -0.51111 3000
-0.61458 0.75683 -0.22248 3000
0.004138 -0.56681 -0.82384 3000
0.8306 0.51568 0.21018 3000
0.48486 0.67509 -0.55602 3000
-0.72872 0.44951 -0.51662 3000
0.62525 -0.44231 -0.64299 3000
0.62014 0.75011 0.22971 3000
0.95253 -0.13951 -0.2706 3000
0.88878 -0.24976 0.3843 3000
0.53538 -0.84376 -0.037936 3000
0.8097 -0.016797 0.58661 3000
0.2963 -0.84403 0.44702 3000
0.31052 -0.50485 -0.80542 3000
-0.26956 -0.64324 -0.71665 3000
0.15133 0.87439 -0.46102 3000
-0.97434 -0.059053 -0.21718 3000
-0.90177 -0.42965 0.04707 3000
-0.12386 -0.85571 -0.50242 3000
-0.88753 -0.29226 -0.35619 3000
0.55595 -0.67013 0.49178 3000
-0.10206 0.95037 -0.29389 3000
-0.80839 0.55865 -0.18552 3000
-0.037758 0.53111 -0.84646 3000
0.42298 0.90082 0.098017 3000
0.86153 0.3704 -0.34724 3000
0.64342 0.56379 0.51783 3000
0.40738 -0.51389 0.75496 3000
