0 0 0 0
0.97741 -0.19838 0.072947 3000
0.68963 0.62877 -0.35924 3000
-0.16163 -0.29178 -0.94273 3000
0.52248 -0.67339 -0.52304 3000
-0.6463 0.2722 -0.71288 3000
-0.69996 -0.7108 0.069445 3000
0.30598 -0.94774 0.090361 3000
0.44105 0.85317 -0.27852 3000
0.15004 0.96581 0.21144 3000
0.20114 0.96976 -0.13821 3000
-0.40631 -0.78429 -0.46882 3000
0.79918 -0.46033 -0.38653 3000
-0.57551 -0.064515 -0.81525 3000
-0.10519 0.98881 0.10582 3000
0.58733 0.13177 -0.79855 3000
-0.15164 0.89806 0.41291 3000
0.23273 -0.74146 -0.62934 3000
0.36309 -0.2362 0.90132 3000
0.32962 0.040126 0.94326 3000
-0.69695 -0.31301 -0.64521 3000
-0.55963 0.21728 0.79975 3000
0.36659 -0.00987 -0.93033 3000
0.9846 0.11249 -0.1338 3000
0.16874 -0.24704 -0.9542 3000
0.44946 0.46074 -0.76531 3000
-0.18053 0.70342 -0.68747 3000
-0.25377 -0.33093 0.90889 3000
0.023762 -0.00039 -0.99972 3000
-0.79577 0.14463 0.58808 3000
0.89671 -0.43208 -0.096006 3000
-0.43674 -0.42858 -0.79093 3000
0.21151 0.68024 -0.70182 3000
0.065521 -0.2782 0.95829 3000
0.72613 -0.65917 -0.19552 3000
-0.4062 0.8634 0.29924 3000
-0.7187 -0.36237 0.59343 3000
0.85197 0.11359 -0.51111 3000
-0.61458 0.75683 -0.22248 3000
0.004138 -0.56681 -0.82384 3000
0.8306 0.51568 0.21018 3000
0.48486 0.67509 -0.55602 3000
-0.72872 0.44951 -0.51662 3000
0.62525 -0.44231 -0.64299 3000
0.62014 0.75011 0.22971 3000
0.95253 -0.13951 -0.2706 3000
0.88878 -0.24976 0.3843 3000
0.53538 -0.84376 -0.037936 3000
0.8097 -0.016797 0.58661 3000
0.2963 -0.84403 0.44702 3000
0.31052 -0.50485 -0.80542 3000
-0.26956 -0.64324 -0.71665 3000
0.15133 0.87439 -0.46102 3000
-0.97434 -0.059053 -0.21718 3000
-0.90177 -0.42965 0.04707 3000
-0.12386 -0.85571 -0.50242 3000
-0.88753 -0.29226 -0.35619 3000
0.55595 -0.67013 0.49178 3000
-0.10206 0.95037 -0.29389 3000
-0.80839 0.55865 -0.18552 3000
-0.037758 0.53111 -0.84646 3000
0.42298 0.90082 0.098017 3000
0.86153 0.3704 -0.34724 3000
0.64342 0.56379 0.51783 3000
0.40738 -0.51389 0.75496 3000
