0 0 0 0
-0.36401 0.72777 -0.58125 2000
-0.90008 0.053686 0.4324 2000
-0.73803 -0.48634 0.46774 2000
0.49356 -0.54144 -0.68062 2000
0.030678 -0.89471 0.4456 2000
-0.384 -0.20567 -0.90014 2000
-0.57825 -0.81584 0.005414 2000
-0.68322 0.62192 0.38266 2000
0.99767 -0.037697 -0.056832 2000
-0.10414 0.68054 0.72527 2000
-0.029643 -0.19825 -0.9797 2000
-0.56845 -0.48248 -0.66639 2000
0.11284 -0.99147 0.065165 2000
-0.33862 0.81399 0.47197 2000
0.67319 -0.73934 0.013528 2000
0.36097 -0.89217 0.27155 2000
0.091858 0.3867 -0.91762 2000
0.92507 0.345 0.1588 2000
0.018823 0.68702 -0.72639 2000
-0.89859 -0.13828 -0.41642 2000
0.50682 -0.13072 0.85208 2000
-0.81173 -0.58044 0.06465 2000
-0.69935 0.26848 0.66244 2000
0.26212 0.91522 -0.30606 2000
-0.73577 -0.57319 -0.3607 2000
0.69773 0.13481 0.70356 2000
0.59746 -0.45124 0.66289 2000
0.89026 -0.37037 -0.26508 2000
0.53552 0.74422 -0.3992 2000
0.7472 0.17851 -0.64018 2000
-0.9586 0.14572 -0.24464 2000
-0.93192 -0.27198 0.23992 2000
0.89081 -0.44779 0.077059 2000
-0.24971 0.51113 -0.82243 2000
-0.52629 0.055011 0.84853 2000
-0.26494 -0.76921 -0.58149 2000
-0.24679 -0.9677 -0.051414 2000
0.37834 -0.91665 -0.1289 2000
-0.18988 0.14856 -0.9705 2000
-0.20146 -0.52302 -0.82817 2000
-0.45768 -0.83489 -0.30574 2000
-0.012926 -0.93815 -0.346 2000
0.45485 0.2994 -0.83873 2000
-0.37817 -0.61599 0.69105 2000
0.69426 -0.62655 0.35418 2000
0.80068 -0.22645 0.55465 2000
-0.22671 0.39525 0.89016 2000
-0.20814 -0.018085 0.97793 2000
